
# Reference:
    https://www.notion.so/KETI-User-Manual-1c8a0231348480a99d87de154913a0da#1c8a0231348481288894f55accb6437d

 # Broker IP, Port:
    175.45.202.48, 1883

# Topic:

    /crowd_congestion

# Data:

    {
        "timestamp": "2025-03-28 02:01:47.028",
        "width": 64,
        "height": 38,
        "gridsize": 4.0,
        "map_name": "total-1",
        "density":  [
                        [0.0, 0.0, 0.0, 0.0, 0.0, 0.0, 0.0, 0.1875, 0.0],
                        [0.0, 0.0, 0.0, 0.0, 0.0, 0.0, 0.5625, 0.9375, 0.0],
                        [0.0, 0.0, 0.0, 0.0, 0.0, 0.0, 1.125, 0.9375, 0.0],
                        [0.5625, 0.0, 0.0, 0.0, 0.0, 0.0, 0.75, 1.3125, 0.0],
                        [2.625, 2.25, 0.375, 0.75, 0.75, 0.0, 0.75, 0.5625, 0.0],
                        [4.125, 1.125, 0.75, 0.0, 0.1875, 1.875, 0.5625, 0.5625, 0.0],
                        [5.8125, 3.5625, 0.1875, 0.75, 0.75, 2.25, 1.6875, 0.9375, 0.0],
                        [0.9375, 0.375, 0.0, 0.1875, 0.0, 1.125, 0.375, 0.75, 0.0],
                        [0.0, 0.0, 0.375, 0.5625, 1.3125, 0.5625, 0.375, 0.5625, 0.0],
                        [0.0, 0.0, 0.0, 0.75, 0.5625, 0.0, 0.75, 0.375, 0.0],
                        [0.0, 0.0, 0.0, 0.375, 0.0, 0.0, 0.1875, 0.5625, 0.0],
                        [0.0, 0.0, 0.0, 0.375, 0.0, 0.0, 0.75, 0.75, 0.0],
                        [0.0, 0.0, 0.0, 0.375, 0.1875, 0.0, 0.1875, 0.5625, 0.0],
                        [0.0, 0.0, 0.1875, 1.875, 0.0, 0.0, 0.1875, 0.1875, 0.0],
                        [0.0, 0.0, 0.0, 0.0, 0.0, 0.0, 0.1875, 1.125, 0.0],
                        [0.0, 0.0, 0.0, 0.0, 0.0, 0.0, 0.0, 0.0, 0.0]
                    ],
        "velocity": [
                        [
                            [0.0, 0.0], [0.0, 0.0], [0.0, 0.0], [0.0, 0.0], [0.0, 0.0], [0.0, 0.0], [0.0, 0.0], [1.4221698218866656, 0.06989858262593884], [0.0, 0.0]
                        ],
                        [
                            [0.0, 0.0], [0.0, 0.0], [0.0, 0.0], [0.0, 0.0], [0.0, 0.0], [0.0, 0.0], [1.4207108582392038, -0.3650292833832225], [1.3463038503622038, 0.022333386057525217], [0.0, 0.0]
                        ],
                        [
                            [0.0, 0.0], [0.0, 0.0], [0.0, 0.0], [0.0, 0.0], [0.0, 0.0], [0.0, 0.0], [1.4331971370438066, 0.025620646504388372], [1.27903939193653, 0.04555956250081863], [0.0, 0.0]
                        ],
                        [
                            [0.07989320223666614, 0.04060522442966411], [0.0, 0.0], [0.0, 0.0], [0.0, 0.0], [0.0, 0.0], [0.0, 0.0], [1.1754422372266955, -0.09564457539374516], [1.2573148462141899, -0.013078312272889596], [0.0, 0.0]
                        ],
                        [
                            [-0.0017543695146307364, -0.2646821907819555], [0.11301004559758117, -0.16839108185564378], [0.11930549933206436, -1.3317538769015513], [0.1080284873238142, -1.4871285872958584], [0.013597176160462965, -1.4051093330821303], [0.0, 0.0], [1.4991839213987426, 0.19519141218938785], [1.1506224552021962, -0.25402215346301676], [0.0, 0.0]
                        ],
                        [
                            [0.01825118772615171, -0.01171479965242545], [-0.024539266280055944, -0.18453730614605432], [0.46594692185567865, -1.2747173938064371], [0.0, 0.0], [0.3428695412837186, -0.4203577709777022], [-0.7748677061213115, -0.38809148086296974], [1.1612148063423717, -0.5850623457113878], [1.1006988910435023, -0.1857310187338328], [0.0, 0.0]
                        ],
                        [
                            [-0.01595424453948028, -0.1592543864382529], [-0.04508242439079131, -0.3374992458314007], [0.3153931907785221, -1.285256312351983], [0.05242393723102623, -1.2830732775870537], [-0.12406326795479927, -1.31710002086594], [0.02330475975392095, -1.1571428536659691], [0.041951043197008805, -1.3435475427376025], [-0.011661870907406068, -0.6784199109311914], [0.0, 0.0]
                        ],
                        [
                            [-0.2404319818171075, 0.11377629383383159], [-0.5414940200766907, -0.2372700752141954], [0.0, 0.0], [0.7615942380092804, -0.9604180729035718], [0.0, 0.0], [0.6795739666625144, -0.47057236493115795], [-1.539166631758711, 0.1734453383926322], [-1.291992160128185, -0.028706654729305114], [0.0, 0.0]
                        ],
                        [
                            [0.0, 0.0], [0.0, 0.0], [-0.9049904689733239, -1.275672453629987], [-0.16508453415424165, -0.7757686952354087], [0.3626208219562638, -0.4187070655102474], [0.837050849346312, -0.3774133947101461], [-1.042054316957305, 0.5035957563947875], [-1.4296314267525645, 0.15204757702331997], [0.0, 0.0]
                        ],
                        [
                            [0.0, 0.0], [0.0, 0.0], [0.0, 0.0], [0.6419700368681305, 0.024456727315183002], [0.9269087290893955, -0.05060637751340854], [0.0, 0.0], [-1.338382448452606, 0.1096707038250706], [-1.6249379015168728, 0.058867746845855606], [0.0, 0.0]
                        ],
                        [
                            [0.0, 0.0], [0.0, 0.0], [0.0, 0.0], [1.5431263661627383, -0.05990241186531975], [0.0, 0.0], [0.0, 0.0], [-1.2113808167603395, -0.2984466296564534], [-1.401719852529008, 0.011170189358532904], [0.0, 0.0]
                        ],
                        [
                            [0.0, 0.0], [0.0, 0.0], [0.0, 0.0], [1.286749580707692, 0.10700794939565128], [0.0, 0.0], [0.0, 0.0], [-1.3369946281766332, 0.03792572360797308], [-1.236086777418528, -0.05978653111250409], [0.0, 0.0]
                        ],
                        [
                            [0.0, 0.0], [0.0, 0.0], [0.0, 0.0], [1.0727435130322789, -0.056889596704877476], [0.900573186804877, 0.06954299964618826], [0.0, 0.0], [-1.2020930808141088, -0.26164622736580156], [-1.144040114095039, 0.009598037437195709], [0.0, 0.0]
                        ],
                        [
                            [0.0, 0.0], [0.0, 0.0], [0.08877881174103663, 0.23414649712116642], [-0.06778016185208173, -0.1025240004177995], [0.0, 0.0], [0.0, 0.0], [-1.0891634039704172, 0.19394922537853176], [-1.5523984996697493, 0.3719212037918709], [0.0, 0.0]
                        ],
                        [
                            [0.0, 0.0], [0.0, 0.0], [0.0, 0.0], [0.0, 0.0], [0.0, 0.0], [0.0, 0.0], [-1.7283241813544237, 0.12430658379648207], [-1.0859507998217641, -0.09949527656764919], [0.0, 0.0]
                        ],
                        [
                            [0.0, 0.0], [0.0, 0.0], [0.0, 0.0], [0.0, 0.0], [0.0, 0.0], [0.0, 0.0], [0.0, 0.0], [0.0, 0.0], [0.0, 0.0]
                        ]
                    ],
        "event": "none"
    }
